0,1,2,3,4
0.7908055824479686,0.06704312730504307,0.045918757946479864,0.08863693392309178,0.007595598377416814
0.7870427221856423,0.06521217056689116,0.055976912789294696,0.08453374585863722,0.007234448599534465
0.7669879760562616,0.06909856767289171,0.06705750745017564,0.08921076312764165,0.007645185693029515
0.7905664579430897,0.06498636990912343,0.05149701099411111,0.08562030918265512,0.007329851971020579
0.07261564623312076,0.7411798398199946,0.08484431847401366,0.09334545290350697,0.00801474256936418
0.08011619878441995,0.3324139878474055,0.4737811589281045,0.10480126587768403,0.008887388562386148
0.7974150417413195,0.06515232474632177,0.04363252152133279,0.0864067623786019,0.00739334961242414
0.768024984535809,0.06682002399751971,0.06911547234062591,0.08845877714242886,0.0075807419836165435
0.06172714298037279,0.06013563892585456,0.0399540978979361,0.8314321199101087,0.006751000285727999
0.061690504885140954,0.06068824657651184,0.03993038317580565,0.8309438721275119,0.006746993235029779
0.07345043202872577,0.7519138969071163,0.07256157958019274,0.09394845428793203,0.008125637196033222
0.0616958259111183,0.0606019127287528,0.03993382731370919,0.83102085885917,0.00674757518724981
0.08620601726274774,0.0839097887195362,0.7121642390038488,0.10837888365796011,0.009341071355907041
0.07175242773454621,0.719561227989626,0.10771752585034367,0.09300170961060598,0.00796710881487825
0.11868224445142213,0.11451350220102173,0.5698452957456746,0.18397341051307356,0.012985547088808171
0.061690504885140954,0.06068824657651184,0.03993038317580565,0.8309438721275119,0.006746993235029779
0.08927521096106279,0.10798605214033993,0.6777692446121235,0.1150708790504864,0.00989861323598728
0.061691749180834435,0.06050941429842674,0.03993118857047565,0.8311205186285756,0.006747129321687551
0.06172510910260145,0.06016660697556086,0.03995278143085752,0.8314047246472567,0.006750777843723521
0.061730785996346425,0.060080169958474476,0.03995645591111842,0.8314811894174207,0.006751398716640095
0.7974152463478847,0.06515234146358025,0.04363253271688327,0.08640678454947895,0.0073930949221729
0.061730736751306345,0.06008091976894483,0.03995642403630521,0.8314805261126559,0.006751393330787726
0.7548451468197219,0.06938706399520828,0.07628212041179856,0.0916320883424095,0.007853580430861767
0.07667889353372573,0.07376837227149083,0.04955583982098858,0.09737465500464455,0.7026222393691504
0.07310768247101165,0.7698899998200921,0.055459716226276504,0.09351943237310535,0.008023169109514493
0.07383217467233781,0.07914478782292533,0.06134683425149428,0.09406663734784743,0.6916095659053951
0.06172510910260145,0.06016660697556086,0.03995278143085752,0.8314047246472567,0.006750777843723521
0.08828156407896054,0.0864682065331131,0.6986687313399391,0.11690427004014546,0.009677228007841777
0.06611781454131624,0.5480844598005111,0.2985154523474502,0.08037776161103656,0.006904511699685844
0.06172510910260145,0.06016660697556086,0.03995278143085752,0.8314047246472567,0.006750777843723521
0.7793085366495074,0.06897440250596262,0.05748759141338464,0.0867997809315912,0.007429688499554174
0.7585976667586839,0.06833333880660357,0.07511086038134604,0.0902251400037558,0.007732994049610758
0.0751716308925795,0.7290621364894795,0.09215026490015316,0.09536584631512031,0.008250121402667444
0.7700977913342291,0.06817636727396849,0.06616254736338921,0.08802014219127119,0.00754315183714223
0.7974642765890754,0.0651563474504619,0.04357347246314249,0.08641209739683968,0.007393806100480575
0.06728975686743473,0.06511374797747169,0.044624251163559676,0.8155906440609476,0.007381599930586297
0.779245119151547,0.06905016622617541,0.057482913267259246,0.08679271745843349,0.0074290838965848675
0.06172510910260145,0.06016660697556086,0.03995278143085752,0.8314047246472567,0.006750777843723521
0.7749481637469006,0.062425106292392306,0.07526609586500134,0.08039143719235291,0.006969196903352893
0.7598029963907151,0.05870921429591935,0.09739648325617935,0.0774147515175249,0.006676554539661469
0.7837109882992966,0.06748245576619638,0.051949231861267264,0.08921158552608693,0.007645738547152799
0.07601742389319073,0.6995492348107719,0.11822232946166226,0.09780735747654826,0.008403654357826888
0.06141314586329933,0.06065107794040103,0.03975420806871107,0.8314649092113899,0.006716658916198635
0.7684170065061156,0.06862612103012337,0.06455613310677873,0.09062542393693471,0.007775315420047616
0.7485401527403386,0.0715165460884163,0.08051019274182873,0.09158367720811446,0.00784943122130196
0.061639231161386324,0.05965716359255069,0.03982749065039499,0.8321396059905406,0.006736508605127421
0.08423004596521409,0.6871305732669404,0.11753390250189917,0.1022441168250463,0.008861361440900047
0.06171985778619146,0.06008135429914345,0.039949382413831815,0.8314992019853042,0.006750203515528939
0.061690504885140954,0.06068824657651184,0.03993038317580565,0.8309438721275119,0.006746993235029779
0.7667397831362337,0.06722604308111682,0.06948340007022548,0.08892967657977578,0.007621097132648381
0.7974153003340784,0.06515234587449031,0.043632535670870394,0.0864067903993463,0.007393027721214798
0.06888210053135632,0.06710612100296241,0.04448558950299122,0.8119926622527855,0.007533526709904477
0.07310586040798338,0.7698708118489092,0.05545833400357324,0.09354202459149183,0.008022969148042456
0.06916484998207406,0.7842955520515678,0.05055490309863466,0.08839334682296433,0.007591348044759338
0.06222725989937939,0.701063828171582,0.14914375066173813,0.08065568981771805,0.0069094714495823205
0.7839132811071667,0.0667123944231624,0.05362226664988421,0.08819356695245315,0.007558490867333537
0.061730785996346425,0.060080169958474476,0.03995645591111842,0.8314811894174207,0.006751398716640095
0.7688542244128153,0.06775358009805409,0.06685937842757318,0.08891028711967722,0.007622529941880185
0.12632805915045117,0.07820352905267239,0.6834357963796623,0.10314283411651778,0.008889781300696321
0.061702838843360905,0.06050569642570342,0.03993836657096044,0.8311047559793854,0.006748342180589974
0.06916484998207406,0.7842955520515678,0.05055490309863466,0.08839334682296433,0.007591348044759338
0.7826825424362676,0.06936557880784024,0.04838574018963782,0.09170741987247756,0.00785871869377694
0.07791603043630319,0.6910364600426969,0.123648683680398,0.09884750531342038,0.0085513205271816
0.08778368580177567,0.4593775996288672,0.3299015768609982,0.11318985699073733,0.009747280717621381
0.0687818910143584,0.784928588489187,0.05043152535019602,0.08828517356227689,0.007572821583981655
0.07807989694281202,0.6924897903772037,0.12180561457285244,0.09905539315475573,0.008569304952375999
0.12044430764894536,0.11558928123660209,0.5783057308221801,0.1724740608331344,0.013186619459138254
0.06172714298037279,0.06013563892585456,0.0399540978979361,0.8314321199101087,0.006751000285727999
0.07431538962118973,0.706296139448744,0.1155651262086524,0.09560900772622243,0.008214336995191385
0.7673514725128049,0.06837919231498443,0.06631058650664821,0.09022651504518193,0.007732233620380341
0.07903829846223703,0.6565453654246705,0.15432838161150575,0.10139781037995886,0.008690144121627868
0.07101241009216587,0.724815786509338,0.10509865016781625,0.09123536322752179,0.007837790003158228
0.10059024627128631,0.0812062734372031,0.7022051038399563,0.10686445365377603,0.00913392279777829
0.07012552050175284,0.7193569024976801,0.10935163978541498,0.09338725813823334,0.007778679076918808
0.07330401232631638,0.10646605888193526,0.24516958075067116,0.5670398331926949,0.008020514848382197
0.794536962965535,0.06607909817321984,0.04424879760300775,0.08763903991604506,0.007496101342192456
0.765521820681245,0.06757706220289895,0.06984620592571304,0.08939402068724818,0.007660890502894655
0.7548451468197219,0.06938706399520828,0.07628212041179856,0.0916320883424095,0.007853580430861767
0.1262088782802353,0.4742753283965886,0.22385539462249554,0.16165504873349382,0.01400534996718651
0.0616958259111183,0.0606019127287528,0.03993382731370919,0.83102085885917,0.00674757518724981
0.0616958259111183,0.0606019127287528,0.03993382731370919,0.83102085885917,0.00674757518724981
0.06172714298037279,0.06013563892585456,0.0399540978979361,0.8314321199101087,0.006751000285727999
0.11277383989179017,0.10843252506859861,0.5416317514306831,0.22481926243524072,0.012342621173687509
0.7700977913342291,0.06817636727396849,0.06616254736338921,0.08802014219127119,0.00754315183714223
0.06163649201367864,0.05965451252471902,0.03987015916326259,0.8321026270527558,0.0067362092455838995
0.0751716308925795,0.7290621364894795,0.09215026490015316,0.09536584631512031,0.008250121402667444
0.07846710067118345,0.43659717183824076,0.3752222696586534,0.10103170842450007,0.008681749407422286
0.061690504885140954,0.06068824657651184,0.03993038317580565,0.8309438721275119,0.006746993235029779
0.10840299421171147,0.21912317409022267,0.5214514938496213,0.1389752153468828,0.012047122501561583
0.0616958259111183,0.0606019127287528,0.03993382731370919,0.83102085885917,0.00674757518724981
0.08494908445645015,0.08198994607291564,0.7150913769318347,0.10866805172894947,0.009301540809850064
0.7820838177699179,0.06754815569939822,0.05697642455446099,0.08602797661202927,0.007363625364193561
0.0707393927631154,0.6997793503523294,0.1313777732892095,0.09034231490327739,0.007761168692068408
0.0616958259111183,0.0606019127287528,0.03993382731370919,0.83102085885917,0.00674757518724981
0.7643303512810716,0.07013490344172134,0.0685391354999525,0.08933940014650978,0.007656209630744722
0.12641513781292568,0.11908778581204603,0.5870031817180116,0.15367464393882824,0.01381925071818867
0.06172714298037279,0.06013563892585456,0.0399540978979361,0.8314321199101087,0.006751000285727999
0.0689830317456,0.7847804280226942,0.050422006065981614,0.08824317437202914,0.007571359793694987
0.7952964563279779,0.06511691177161608,0.04632845739843525,0.08588316522852903,0.007375009273441756
0.06173075159110984,0.06008069381644256,0.03995643364165762,0.8314807259969964,0.006751394953793629
0.07248962695192185,0.2784958142053079,0.547393026295848,0.09357155374487769,0.008049978802044574
0.061690504885140954,0.06068824657651184,0.03993038317580565,0.8309438721275119,0.006746993235029779
0.06913354616252235,0.06663439810555565,0.07025191152531242,0.7864159384295846,0.007564205777024891
0.7475984270999647,0.07050517527650443,0.08080760512405062,0.09310865855312558,0.00798013394635451
0.07412673015815044,0.7065324697637183,0.11543776688754619,0.09570692881036612,0.008196104380219005
0.7870664416711712,0.06741958884634257,0.04875250621270476,0.08912326896465554,0.007638194305125935
0.0616958259111183,0.0606019127287528,0.03993382731370919,0.83102085885917,0.00674757518724981
0.7673514725128049,0.06837919231498443,0.06631058650664821,0.09022651504518193,0.007732233620380341
0.7905664579430897,0.06498636990912343,0.05149701099411111,0.08562030918265512,0.007329851971020579
0.7219089034919896,0.07353120243164259,0.09907434145908324,0.09710124117720373,0.008384311440080908
0.06631817743119235,0.0650180568598824,0.0429834148424378,0.8183995344442756,0.00728081642221183
0.06171262289794139,0.06035147336603959,0.039944699491223264,0.8312417919975854,0.006749412247210251
0.08244305932821797,0.41994291375067744,0.385034608712041,0.10367376210405921,0.008905656105004496
0.7530412537126472,0.06864595845371285,0.07978066881832473,0.09075381354426713,0.007778305471048187
0.07008291462853294,0.7189198457918138,0.11123074756499961,0.09199906043471061,0.0077674315799430545
0.06172510910260145,0.06016660697556086,0.03995278143085752,0.8314047246472567,0.006750777843723521
0.07682664427029248,0.07390694809845957,0.04963219738241783,0.09756228391185541,0.7020719263369748
0.7662865908191772,0.06832211786674021,0.06732880327250479,0.09032161607321475,0.007740871968363107
0.06837892595144389,0.0663415064657305,0.11240542606120271,0.08831322460727585,0.664560916914347
0.07101241009216587,0.724815786509338,0.10509865016781625,0.09123536322752179,0.007837790003158228
0.07255543183541772,0.6354525712174433,0.1909564407239846,0.09299089261399567,0.008044663609158766
0.5685802908580885,0.18040404918038527,0.1161738378342882,0.12408484431557405,0.010756977811663921
0.11836093243537495,0.18559941069338223,0.5396986021511964,0.14387236827322603,0.012468686446820369
0.145335243079022,0.3139944241682764,0.3383894227850602,0.1861531147631848,0.016127795204456577
0.06163649201367864,0.05965451252471902,0.03987015916326259,0.8321026270527558,0.0067362092455838995
0.7528579159908343,0.06721272464915469,0.08318409829670781,0.08910279227042953,0.007642468792873673
0.7471720030501704,0.07053259555996408,0.08098485130224502,0.09331288628466165,0.0079976638029588
0.07279087850466963,0.37532054720578084,0.4626064398880066,0.08221831376146287,0.0070638206400799805
0.06196867477283676,0.7720677063135609,0.08026792705487003,0.07882116330723243,0.006874528551499902
0.06171262289794139,0.06035147336603959,0.039944699491223264,0.8312417919975854,0.006749412247210251
0.7832158392167394,0.06765185012766854,0.052036653734429235,0.08943110481850593,0.007664552102656767
0.07675953319878326,0.07384238749548164,0.049588841721379576,0.09747705945002452,0.7023321781343311
0.06894669398251618,0.06714896338662857,0.044590878024512996,0.811759711788101,0.007553752818241195
0.061738683064814406,0.05995467614277803,0.03996156744279546,0.8315928109430469,0.006752262406564981
0.11515193802368894,0.11046317708585517,0.6249279189243839,0.13685768525238293,0.012599280713689062
0.7705712135813405,0.06843772461643909,0.06294071872167395,0.09029637290802867,0.007753970172517773
0.7893492338750534,0.06723763696842751,0.046901401087304166,0.0888940928724702,0.0076176351967446555
0.061690504885140954,0.06068824657651184,0.03993038317580565,0.8309438721275119,0.006746993235029779
0.06893469700838722,0.06707524694194807,0.04459540415441941,0.8118421082348884,0.0075525436603569186
0.06163649201367864,0.05965451252471902,0.03987015916326259,0.8321026270527558,0.0067362092455838995
0.061690504885140954,0.06068824657651184,0.03993038317580565,0.8309438721275119,0.006746993235029779
0.7475894270368455,0.07051636512360453,0.08080663231094634,0.09310753765215316,0.00798003787645038
0.09050730803734225,0.09118805434090053,0.6932712802154013,0.11498365249389306,0.0100497049124629
0.060128256330568744,0.05878431997377996,0.05000505886712156,0.8245062322542898,0.0065761325742399405
0.0616958259111183,0.0606019127287528,0.03993382731370919,0.83102085885917,0.00674757518724981
0.07874523217257462,0.5506324838843092,0.2612525758915275,0.1006771227185899,0.008692585332998888
0.7659212934790116,0.06746193337435956,0.06972721123130021,0.08924172302078189,0.00764783889454686
0.06728192549787755,0.7698978731580232,0.06884072920881103,0.08655342361255727,0.007426048522731075
0.061702838843360905,0.06050569642570342,0.03993836657096044,0.8311047559793854,0.006748342180589974
0.061730785996346425,0.060080169958474476,0.03995645591111842,0.8314811894174207,0.006751398716640095
0.07156917875084563,0.7102936321693989,0.11948681224233812,0.09079562623040374,0.007854750607013504
0.7491289660456396,0.07126935890694604,0.07978817297353684,0.09193404188338818,0.007879460190489185
0.11340541012916437,0.11359011393410492,0.6188596731304985,0.14158770658551575,0.012557096220716471
0.06252128233445667,0.7017126260782882,0.1478006883736835,0.08102328466328168,0.00694211855029008
0.061109417129860136,0.06035111813821854,0.0445032603127176,0.8273527638356094,0.006683440583594392
0.08375732322941369,0.08928050976271273,0.7096567046312052,0.10799728098661393,0.009308181390054472
0.06173075159110984,0.06008069381644256,0.03995643364165762,0.8314807259969964,0.006751394953793629
0.1033291549982455,0.35213089430349354,0.40055494761890575,0.13250175026610206,0.011483252813253205
0.06898678657063802,0.7848231445158071,0.05042475059323785,0.08819351403702887,0.007571804283288032
0.08337307754507009,0.08020109477962718,0.7018247365728019,0.12547198772734947,0.009129103375151514
0.061691749180834435,0.06050941429842674,0.03993118857047565,0.8311205186285756,0.006747129321687551
0.7905665464797367,0.0649863771870382,0.051497016761333635,0.0856203187713937,0.007329740800497738
0.07827980594259588,0.6890320723970158,0.12304147795370607,0.10097108518142399,0.008675558525258137
0.05688068398120139,0.05634037568777256,0.07784997034191249,0.8026421573568963,0.006286812632217365
0.07311190226086957,0.7699344380227972,0.05546291737204046,0.09346711013587436,0.008023632208418634
0.08645697999229383,0.6808612751899492,0.11203228024538506,0.11105899277987599,0.00959047179249589
0.06172714298037279,0.06013563892585456,0.0399540978979361,0.8314321199101087,0.006751000285727999
0.7718428417347472,0.06572122391587193,0.06797757807952158,0.08700242111322307,0.0074559351566363665
0.061730785996346425,0.060080169958474476,0.03995645591111842,0.8314811894174207,0.006751398716640095
0.061702838843360905,0.06050569642570342,0.03993836657096044,0.8311047559793854,0.006748342180589974
0.7459340974341916,0.0725744490401892,0.08062770841807473,0.09290137681342016,0.007962368294124235
0.7595243162305231,0.06553663474336048,0.08137226098262965,0.08614022851028724,0.00742655953319962
0.07714551153635935,0.46877385345395867,0.3520872432473871,0.09385910084421864,0.008134290918076466
0.7921376840188008,0.06662594264059751,0.04562321474112087,0.08806644716046295,0.007546711439017955
0.061730736751306345,0.06008091976894483,0.03995642403630521,0.8314805261126559,0.006751393330787726
0.061690504885140954,0.06068824657651184,0.03993038317580565,0.8309438721275119,0.006746993235029779
0.794536962965535,0.06607909817321984,0.04424879760300775,0.08763903991604506,0.007496101342192456
0.13702942019029973,0.6265156640011459,0.13280163185171995,0.0953506342727595,0.00830264968407472
0.7604748060155198,0.06949995975954924,0.07304393990122963,0.08932201794948502,0.00765927637421631
0.7585600818037039,0.06837949851820259,0.07510713899064098,0.09022066977141303,0.0077326109160394995
0.061690504885140954,0.06068824657651184,0.03993038317580565,0.8309438721275119,0.006746993235029779
0.061730736751306345,0.06008091976894483,0.03995642403630521,0.8314805261126559,0.006751393330787726
0.06904030276596805,0.7082245948390128,0.12452053128151265,0.09055732989448816,0.007657241219018421
0.7509479828205519,0.07352906224694565,0.07617586387855163,0.09150445020140241,0.007842640852548337
0.7723278194293757,0.06962418996868616,0.0630653538005652,0.08749363500681762,0.0074890017945553385
0.0590905430449846,0.5354003045603456,0.3227884250293648,0.07615974559349863,0.006560981771806326
0.061730736751306345,0.06008091976894483,0.03995642403630521,0.8314805261126559,0.006751393330787726
0.061730736751306345,0.06008091976894483,0.03995642403630521,0.8314805261126559,0.006751393330787726
0.060030008839963206,0.589315386424668,0.2713089150923079,0.07306824770185158,0.006277441941209436
0.7963245848945768,0.06354800151101475,0.04947259798256445,0.08351208763195789,0.007142727979886301
0.09628508910545619,0.2487535799569081,0.5224174932027114,0.12191669938339202,0.010627138351532242
0.0616958259111183,0.0606019127287528,0.03993382731370919,0.83102085885917,0.00674757518724981
0.7860460349910738,0.06128871035226248,0.06456152100147472,0.08116567551866932,0.006938058136519504
0.06627831944521728,0.7363778508929381,0.10374104102155039,0.0862378708260454,0.007364917814248922
0.06579762228239283,0.06355112831881482,0.07309292858789027,0.7903519390225886,0.007206381788313476
0.11946950243694973,0.3420874450063113,0.3720782839229939,0.15311845565143173,0.013246312982313192
0.07063731665584128,0.49536890198670736,0.3357906258977729,0.0904364878150921,0.0077666676445863735
0.7586065166200736,0.06832246990840582,0.07511173663068395,0.09022619257749537,0.007733084263341258
0.7382870381570906,0.07316527791653976,0.08352868450017416,0.09672860776544367,0.008290391660751892
0.061730785996346425,0.060080169958474476,0.03995645591111842,0.8314811894174207,0.006751398716640095
0.0616958259111183,0.0606019127287528,0.03993382731370919,0.83102085885917,0.00674757518724981
0.09170555144491797,0.08789236938847077,0.05913610273288495,0.32011354650985996,0.44115242992386633
0.061569420724725994,0.0606903070885332,0.06028800692323271,0.8107109562319947,0.006741309031513343
0.08715170332545516,0.12425443194079923,0.667425029590665,0.11148946258725811,0.009679372555822519
0.14408361340022144,0.3112902986448256,0.34407764645621336,0.18454996085293823,0.015998480645801595
0.05687324849924893,0.6468541222027202,0.21793324613260556,0.07209132411270838,0.006248059052716972
0.06172714298037279,0.06013563892585456,0.0399540978979361,0.8314321199101087,0.006751000285727999
0.06129175075831988,0.05971202629625649,0.03967660314023601,0.8326162376801839,0.006703382125003834
0.12042184434767239,0.13147354694168598,0.5824075077520445,0.15231412073994838,0.013382980218648564
0.08640595306972648,0.0889020511746654,0.7048713163952925,0.11034865506912576,0.009472024291189655
0.061666046168073,0.06090084003743024,0.03991455179387205,0.8307742437769098,0.006744318223714789
0.07622822579873224,0.0733944172967091,0.05373512413876562,0.09697925855394249,0.6996629742118505
0.061433224276311725,0.06034396721752968,0.03976720530891696,0.8317367483366749,0.006718854860566692
0.06916484998207406,0.7842955520515678,0.05055490309863466,0.08839334682296433,0.007591348044759338
0.7651481129292321,0.06886233795282505,0.06946472515915039,0.08890577513280594,0.007619048825986611
0.7786974205324761,0.06033614165276902,0.07472324470873348,0.0793979405586442,0.0068452525473773305
0.06898302951261323,0.7847804026192832,0.05042200443381687,0.08824317151558987,0.007571391918696806
0.061730736751306345,0.06008091976894483,0.03995642403630521,0.8314805261126559,0.006751393330787726
0.10801908528130448,0.24177302611885373,0.500997605446624,0.13721611433379619,0.011994168819421587
0.7628101154196578,0.06778644173309469,0.07210980881795627,0.08961345397880947,0.007680180050481619
0.061690504885140954,0.06068824657651184,0.03993038317580565,0.8309438721275119,0.006746993235029779
0.06172714298037279,0.06013563892585456,0.0399540978979361,0.8314321199101087,0.006751000285727999
0.060686969598886684,0.058696293617019966,0.04972060897978359,0.8242701839154151,0.006625943888894823
0.061730736751306345,0.06008091976894483,0.03995642403630521,0.8314805261126559,0.006751393330787726
0.06172714298037279,0.06013563892585456,0.0399540978979361,0.8314321199101087,0.006751000285727999
0.06171262289794139,0.06035147336603959,0.039944699491223264,0.8312417919975854,0.006749412247210251
0.7802115768248161,0.06751936262180436,0.055358764204108124,0.08926037626833522,0.007649920080936242
0.0408944361129841,0.6155559401253744,0.290360393950195,0.04899333405770542,0.00419589575374113
0.061640814289311036,0.05965019220547748,0.04074037273341973,0.831233121806975,0.006735498964816968
0.06879150977489275,0.7826015922953564,0.05305837973841131,0.08799817924453862,0.007550338946800792
0.1130896424964936,0.11338905983471619,0.6177642937007229,0.14320027517897907,0.012556728789088175
0.0804084542984297,0.41752119115230146,0.38643605510036305,0.10670594597458676,0.008928353474319145
0.0616958259111183,0.0606019127287528,0.03993382731370919,0.83102085885917,0.00674757518724981
0.7974145891772877,0.06515228776984498,0.04363249675818082,0.0864067133394056,0.007393912955281083
0.061701210852736235,0.060479934532266195,0.039912249825731515,0.8311627626220975,0.006743842167168468
0.06861012245204952,0.7850962492833352,0.05044229752707211,0.08827868630578536,0.007572644431757724
0.06898997841999725,0.7848594563571826,0.05042708362273337,0.08815132698799151,0.0075721546120952055
0.05231420984484373,0.6268717011508258,0.24822067430079497,0.06685017964986632,0.005743235053669178
0.7547982223288078,0.06944491498417493,0.07627737838003054,0.09162639208919121,0.007853092217795654
0.054635230138412184,0.6042224160406016,0.26257217587878423,0.0725036187590585,0.006066559183143566
0.759748025812558,0.05890417401651118,0.0973307807406082,0.0773424817155756,0.006674537714747094
0.06173694489923673,0.05982113827259191,0.039960442381205025,0.8317294021408296,0.006752072306136784
0.7904201506676849,0.06689581094115526,0.046662961422705256,0.0884421686826175,0.00757890828583707
0.1006004021974434,0.08119707788242647,0.7022760008050807,0.10679167412601602,0.009134844989033383
0.09073602918731115,0.08886565265947743,0.6950232470774129,0.11529996953941318,0.010075101536385016
0.07224349387964556,0.7373813220618263,0.0894478751132178,0.09295364161887813,0.00797366732643222
0.0616958259111183,0.0606019127287528,0.03993382731370919,0.83102085885917,0.00674757518724981
0.07236471475332809,0.7386186100624099,0.08796264363609076,0.09306698481734073,0.007987046730830553
0.7538397696599434,0.07008174922001321,0.07564278208980822,0.0925039120192404,0.007931787010994834
0.0616958259111183,0.0606019127287528,0.03993382731370919,0.83102085885917,0.00674757518724981
0.7513872237245385,0.06783674215444457,0.08357552900482225,0.08952207395752533,0.007678431158669437
0.06878384598087155,0.7849508982728096,0.05043295874991518,0.0882592601724454,0.007573036823958164
0.061691749180834435,0.06050941429842674,0.03993118857047565,0.8311205186285756,0.006747129321687551
0.07101241009216587,0.724815786509338,0.10509865016781625,0.09123536322752179,0.007837790003158228
0.780477996283267,0.06773735173997422,0.05466308923814365,0.0894473238120039,0.0076742389266111904
0.7673514725128049,0.06837919231498443,0.06631058650664821,0.09022651504518193,0.007732233620380341
0.062096292168771314,0.7723741535656167,0.0790200508157481,0.07962753904606526,0.00688196440379891
0.6988911567216723,0.09112528908127218,0.11151445547533245,0.09064079481510273,0.007828303906620456
0.0687818910143584,0.784928588489187,0.05043152535019602,0.08828517356227689,0.007572821583981655
0.6676164493971267,0.09953161748797763,0.15842042298572387,0.06854083899054406,0.005890671138627675
0.2068847670841497,0.12651720848785902,0.4961118979547351,0.15695786042512522,0.013528266048130842
0.07445735231167176,0.7603698485216612,0.06187026972545019,0.09510314086647781,0.008199388574739215
0.061730785996346425,0.060080169958474476,0.03995645591111842,0.8314811894174207,0.006751398716640095
0.790114721519256,0.06717034893853999,0.04599158178940203,0.08911577035325487,0.007607577399547131
0.06646059867107845,0.46992235070547406,0.3704540821111412,0.08578251377733809,0.007380454734967973
0.061666046168073,0.06090084003743024,0.03991455179387205,0.8307742437769098,0.006744318223714789
0.06117015197068059,0.06845270776918427,0.03959357459724505,0.8240934826055323,0.006690083057357724
0.07396546041752759,0.07173681370279203,0.06181093571079346,0.09464255070139609,0.6978442394674909
0.07310586040798338,0.7698708118489092,0.05545833400357324,0.09354202459149183,0.008022969148042456
0.0689907854853856,0.780688096796141,0.05449578156007696,0.08825309296497326,0.007572243193423144
0.07470527031461238,0.7307652763060162,0.09067143156027095,0.09558862755949966,0.008269394259600877
0.7292781207274693,0.060256865404989125,0.12539761751537049,0.0782481010134633,0.006819295338707815
0.7898689377625888,0.06707175263786468,0.04678568899698368,0.08867477914057828,0.007598841461984502
0.1134049531560694,0.1135896562167362,0.6188571794027312,0.1415871360503674,0.012561075174095779
0.0807130867229648,0.655426357977802,0.15283189891020896,0.10224505291287574,0.008783603476148396
0.061702838843360905,0.06050569642570342,0.03993836657096044,0.8311047559793854,0.006748342180589974
0.06878189269063364,0.7849286076185874,0.05043152657925667,0.08828517571386424,0.007572797397658149
0.06732157577368042,0.06535075320262895,0.04462786843629767,0.8153182941002477,0.007381508487145405
0.778692061946271,0.06034258570906006,0.07472273050265325,0.07939739418376512,0.006845227658250638
0.06163649201367864,0.05965451252471902,0.03987015916326259,0.8321026270527558,0.0067362092455838995
0.7615157062615606,0.06838279665838916,0.07195191698883692,0.090401833237059,0.0077477468541543495
0.061690504885140954,0.06068824657651184,0.03993038317580565,0.8309438721275119,0.006746993235029779
0.7617072618194105,0.0677709424713208,0.07326292122766298,0.08957663605876218,0.007682238422843663
0.060542062211570234,0.06065657029765165,0.04960188689511427,0.8225893580309148,0.006610122564749111
0.06172510910260145,0.06016660697556086,0.03995278143085752,0.8314047246472567,0.006750777843723521
0.7830756374906667,0.06670470292659408,0.05692020636492313,0.08594309348479634,0.007356359733019843
0.7860254352321758,0.0613316075159237,0.06455209151885193,0.08115382092920181,0.006937044803846733
0.7898689377625888,0.06707175263786468,0.04678568899698368,0.08867477914057828,0.007598841461984502
0.7662585537721475,0.06931487425745296,0.06726742468716386,0.08949002905352296,0.007669118229712829
0.06171262289794139,0.06035147336603959,0.039944699491223264,0.8312417919975854,0.006749412247210251
0.061690504885140954,0.06068824657651184,0.03993038317580565,0.8309438721275119,0.006746993235029779
0.7725483392057163,0.06537966519194123,0.0681198662186836,0.08653615252173696,0.0074159768619220965
0.061730736751306345,0.06008091976894483,0.03995642403630521,0.8314805261126559,0.006751393330787726
0.753504143284741,0.06422959950846585,0.09053715704466934,0.08444842288268328,0.007280677279440467
0.7716984381533201,0.06875651334816357,0.061042901826600396,0.09071249825683322,0.0077896484150827205
0.0849829962923789,0.08158940611209706,0.7153768427682681,0.10874550082464049,0.009305254002615433
0.10839943272709739,0.21911597499190635,0.5214343620214291,0.1390035035555732,0.012046726703993942
0.06172714298037279,0.06013563892585456,0.0399540978979361,0.8314321199101087,0.006751000285727999
0.0949964943778135,0.5560076597854854,0.21478392400260085,0.12366374890842247,0.010548172925677727
0.7906365746243997,0.06490355396420927,0.051501578351443346,0.08562790299323525,0.007330390066712458
0.06916484998207406,0.7842955520515678,0.05055490309863466,0.08839334682296433,0.007591348044759338
0.0843329478082916,0.08112444615663686,0.7099048112739587,0.11540371812952864,0.009234076631584213
0.06898140947787716,0.784761972412297,0.05042082029622213,0.08826461607489265,0.007571181738711024
0.08336163374092422,0.08003278874818978,0.7017284039787971,0.12574932321936635,0.009127850312722624
0.06827453767912456,0.6674565527854497,0.16921763625539746,0.08747033576823461,0.007580937511793738
0.06173694489923673,0.05982113827259191,0.039960442381205025,0.8317294021408296,0.006752072306136784
0.7618964032195292,0.06830162726552183,0.07186651110163988,0.09019690802287046,0.007738550390438731
0.7906995560330543,0.06680662751747575,0.04660075180748192,0.08832426032199242,0.007568804319995642
0.0702839629207952,0.7833526462362501,0.05049412433736305,0.08828707744461997,0.007582189060971933
0.0942544158050961,0.6447859105138659,0.13074978992641847,0.11974410937596959,0.01046577437864996
0.7578460170131127,0.06779635139156084,0.07704977426917084,0.0896265545148488,0.007681302811306833
0.07678116996117416,0.0736828278589517,0.04955855006491052,0.09749680410899422,0.7024806480059695
0.7802115768248161,0.06751936262180436,0.055358764204108124,0.08926037626833522,0.007649920080936242
0.06129540103824099,0.059656426734438966,0.03967856606152668,0.832665824815431,0.00670378135036241
0.07285791291059847,0.7698357925824513,0.05611060938220526,0.09319992686117529,0.007995758263569559
0.07286210391538755,0.7698800758368655,0.05611383703206847,0.09314776501220874,0.007996218203469513
0.061364209852852306,0.6111905990746779,0.24306363772273146,0.07758477672087997,0.00679677662885824
0.061730785996346425,0.060080169958474476,0.03995645591111842,0.8314811894174207,0.006751398716640095
0.06875767431437177,0.78063664585422,0.05462881706964611,0.08838613415161546,0.00759072861014678
0.061730736751306345,0.06008091976894483,0.03995642403630521,0.8314805261126559,0.006751393330787726
0.06898998065343392,0.7848594817657119,0.05042708525522697,0.08815132984174522,0.007572122483882016
0.09170555144491797,0.08789236938847077,0.05913610273288495,0.32011354650985996,0.44115242992386633
0.7963253305968985,0.06354712458916319,0.049472644310195,0.0835121658351916,0.007142734668551882
0.1438870199044137,0.12819440602665874,0.5529972523087273,0.16097080110011652,0.013950520660083912
0.07125574968054048,0.730950943516525,0.09794620982855415,0.09194306149617194,0.007904035478208261
0.061690504885140954,0.06068824657651184,0.03993038317580565,0.8309438721275119,0.006746993235029779
0.7705712135813405,0.06843772461643909,0.06294071872167395,0.09029637290802867,0.007753970172517773
0.061162977690026286,0.05952754424673371,0.04454226607751656,0.8280779135681272,0.0066892984175962065
0.06173694489923673,0.05982113827259191,0.039960442381205025,0.8317294021408296,0.006752072306136784
0.05946643595102511,0.05731548208436735,0.2831522089562692,0.5935593883373164,0.006506484671021733
0.1403153286727871,0.2901309902807263,0.3746363862523787,0.17937134216839867,0.015545952625709335
0.7530412537126472,0.06864595845371285,0.07978066881832473,0.09075381354426713,0.007778305471048187
0.07539387504586129,0.7312176011945819,0.08946621649933145,0.09564779445851755,0.008274512801707708
0.07236038045778787,0.719568111109181,0.10765308598163813,0.0924772656588518,0.007941156792541475
0.7161536203583582,0.07532885048484927,0.10037440980225794,0.0995457297703191,0.008597389584215439
0.061639231161386324,0.05965716359255069,0.03982749065039499,0.8321396059905406,0.006736508605127421
0.07849477300518924,0.6590960370594089,0.15326710618196301,0.10051169945264987,0.008630384300788923
0.10030715958407346,0.2759057103983226,0.4825080579118965,0.13013166194346612,0.011147410162241314
0.0879777046641542,0.6084755262120469,0.1819817287807428,0.11188324184102755,0.009681798502028577
0.06878853226642387,0.7850043774582407,0.050436394778281754,0.08819714271745858,0.007573552779594978
0.06010797906553839,0.059101729474060206,0.04998819548385742,0.8242281810948037,0.006573914881740273
0.12395084589634078,0.1189166383622078,0.5951421525958552,0.14842835516770245,0.013562007977893885
0.7538596527439883,0.07121859643944334,0.07514585425555009,0.09189621664646115,0.007879679914557123
0.06163649201367864,0.05965451252471902,0.03987015916326259,0.8321026270527558,0.0067362092455838995
0.061690504885140954,0.06068824657651184,0.03993038317580565,0.8309438721275119,0.006746993235029779
0.7831469708418434,0.06765842995381074,0.05208470001769669,0.08944422282581908,0.007665676360830017
0.06171262289794139,0.06035147336603959,0.039944699491223264,0.8312417919975854,0.006749412247210251
0.08439228443295456,0.08793513706110376,0.7104042999842164,0.10802770479791983,0.009240573723805426
0.775072564299039,0.06939968761175931,0.05540662365824298,0.09222271795349934,0.007898406477459397
0.04193632929436873,0.31241826179832116,0.03484471443181808,0.05372261400091499,0.5570780804745771
0.07028396064244309,0.7833526208427882,0.050494122700526,0.088287074582672,0.007582221231570881
0.06898997841999725,0.7848594563571826,0.05042708362273337,0.08815132698799151,0.0075721546120952055
0.061666046168073,0.06090084003743024,0.03991455179387205,0.8307742437769098,0.006744318223714789
0.08706775131912409,0.08375520229559988,0.6883034612991775,0.13133992595009525,0.009533659136003287
0.07124912220208893,0.743302175508982,0.08592784516265374,0.09165694070653194,0.007863916419743353
0.26400855085215214,0.06654318037039567,0.5744863202879132,0.08742672358368286,0.007535224905856105
0.06492232055108613,0.7442498731525679,0.09746390419148025,0.08615509015454724,0.007208811950318404
0.06898997841999725,0.7848594563571826,0.05042708362273337,0.08815132698799151,0.0075721546120952055
0.06151047653276233,0.05990663943422625,0.039884833346220165,0.8319590047859314,0.006739045900859823
0.06882214986515788,0.7845843289003822,0.050573517364099714,0.08842589316609342,0.007594110704266869
0.061690504885140954,0.06068824657651184,0.03993038317580565,0.8309438721275119,0.006746993235029779
0.7297482418571439,0.07367680925871857,0.09087110269104372,0.0973551403621643,0.008348705830929302
0.7879777794080227,0.061714120884773634,0.061288709144171685,0.08200922559748083,0.0070101649655511114
0.10845013686636712,0.087559352794826,0.6793302285662722,0.11480367600630598,0.009856605766228732
0.060112830288935055,0.0591855245129358,0.049983545002358805,0.824151501833436,0.006566598362334236
0.7866377147113143,0.060950022098998,0.06445453192956646,0.08103117062845228,0.006926560631668976
0.11950939775077803,0.1508355646755661,0.5684865096685602,0.1478869516702755,0.013281576234820215
0.08492671613300282,0.08207422504302384,0.7149030830224191,0.10879688422202519,0.00929909157952905
0.08431379921420269,0.08927747063689859,0.7100185252467819,0.10715464913766508,0.009235555764451687
0.08903938421319844,0.700324294865101,0.08797109927074856,0.11284881397618417,0.0098164076747679
0.7475984270999647,0.07050517527650443,0.08080760512405062,0.09310865855312558,0.00798013394635451
0.061702838843360905,0.06050569642570342,0.03993836657096044,0.8311047559793854,0.006748342180589974
0.07132894658790963,0.7739698251544127,0.05998023014676768,0.08722959477001448,0.007491403340895603
0.10514006089795964,0.09832123595427374,0.6560852803020915,0.12882670629635484,0.01162671654932013
0.0616958259111183,0.0606019127287528,0.03993382731370919,0.83102085885917,0.00674757518724981
0.07474135741334821,0.7511295608065996,0.07140821024730912,0.09459853773104861,0.008122333801694524
0.7539816771594133,0.07116877832317524,0.07509328898339465,0.0918820875339,0.00787416800011673
0.07055790749369549,0.7411382157857518,0.08978779957507071,0.09070099506776509,0.007815082077716999
0.050376910728390685,0.6407002216308486,0.23902018377905396,0.06437232623988016,0.00553035762182649
0.7561262079660397,0.07136864442711555,0.074866154387053,0.08993119273058187,0.007707800489209977
0.0706251965619822,0.06849163416989397,0.7628153085898537,0.09030168684711798,0.007766173831152004
0.04448265891304507,0.04621705485886771,0.17113842348268704,0.7333844505742523,0.004777412171147975
0.07076838535114627,0.06824803866566993,0.7631675999950758,0.09006809687982777,0.007747879108280121
0.07025005880938771,0.7793856180665211,0.054541270362063014,0.08824448885420573,0.007578563907822584
0.060817583907763845,0.06046691634563488,0.03998040895877446,0.8319796447508848,0.0067554460369420866
0.07261351405890247,0.7411580769544476,0.08484182723586042,0.09337207451400675,0.008014507236782856
0.6675807925094022,0.07442596361331817,0.139331296891345,0.11018528125834709,0.008476665727587597
0.0616958259111183,0.0606019127287528,0.03993382731370919,0.83102085885917,0.00674757518724981
0.7488971079048456,0.07106028702594175,0.07998405645201329,0.09215974400493557,0.007898804612263843
0.06913144781896564,0.7803233210762461,0.05460689065603199,0.08835065853564723,0.007587681913109093
0.11518329297198451,0.11049468286506021,0.6247510672970086,0.13698292232073303,0.012588034545213688
0.08331710862855203,0.6193280872026311,0.181780327119424,0.10634616989659978,0.009228307152793293
0.061730736751306345,0.06008091976894483,0.03995642403630521,0.8314805261126559,0.006751393330787726
0.7656858049968936,0.07582806550014426,0.056533880927593747,0.09390135375077668,0.008050894824591629
0.057595569533145596,0.6357266455737628,0.22649368690413132,0.0737889113142589,0.0063951866747015765
0.08756101891161587,0.08935737751381835,0.7025679937686319,0.11097916386330581,0.009534445942628192
0.06172510910260145,0.06016660697556086,0.03995278143085752,0.8314047246472567,0.006750777843723521
0.06916484998207406,0.7842955520515678,0.05055490309863466,0.08839334682296433,0.007591348044759338
0.061730736751306345,0.06008091976894483,0.03995642403630521,0.8314805261126559,0.006751393330787726
0.061517331754885315,0.06042658340754058,0.03979965606761242,0.8315283752070987,0.006728053562863066
0.06172714298037279,0.06013563892585456,0.0399540978979361,0.8314321199101087,0.006751000285727999
